(489.4, 341.5, -141.5):(0.0, -0.5, 0.0, 0.8)
(482.6, 341.5, -138.5):(0.0, -0.5, 0.0, 0.8)
(475.9, 341.5, -135.5):(0.0, -0.6, 0.0, 0.8)
(469.2, 341.5, -132.8):(0.0, -0.6, 0.0, 0.8)
(462.0, 341.5, -130.8):(0.0, -0.6, 0.0, 0.8)
(454.8, 341.5, -129.8):(0.0, -0.7, 0.0, 0.7)
(447.5, 341.5, -131.1):(0.0, -0.8, 0.0, 0.6)
(441.2, 341.5, -134.7):(0.0, -0.9, 0.0, 0.4)
(435.8, 341.5, -139.7):(0.0, -0.9, 0.0, 0.4)
(431.4, 341.5, -145.5):(0.0, -1.0, 0.0, 0.3)
(427.4, 341.5, -151.8):(0.0, -1.0, 0.0, 0.3)
(423.7, 341.5, -158.2):(0.0, -1.0, 0.0, 0.2)
(420.3, 341.5, -164.8):(0.0, -1.0, 0.0, 0.2)
(417.1, 341.5, -171.4):(0.0, -1.0, 0.0, 0.2)
(414.0, 341.5, -178.2):(0.0, -1.0, 0.0, 0.2)
(410.9, 341.5, -184.8):(0.0, -1.0, 0.0, 0.3)
(406.6, 341.5, -188.7):(0.0, -0.9, 0.0, 0.5)
(402.6, 341.5, -191.6):(0.0, -1.0, 0.0, 0.3)
(401.8, 341.5, -196.6):(0.0, -1.0, 0.0, -0.1)
(401.6, 341.5, -200.9):(0.0, -1.0, 0.0, 0.1)
(398.6, 341.5, -207.6):(0.0, -1.0, 0.0, 0.2)
(395.3, 341.5, -214.2):(0.0, -1.0, 0.0, 0.2)
(392.1, 341.5, -220.9):(0.0, -1.0, 0.0, 0.2)
(388.9, 341.5, -227.5):(0.0, -1.0, 0.0, 0.2)
(385.7, 341.5, -234.1):(0.0, -1.0, 0.0, 0.2)
(382.6, 341.5, -240.6):(0.0, -1.0, 0.0, 0.2)
(379.4, 341.5, -247.3):(0.0, -1.0, 0.0, 0.2)
(375.9, 341.5, -253.8):(0.0, -0.9, 0.0, 0.3)
(374.9, 341.5, -254.2):(0.0, -0.8, 0.0, 0.6)
(370.9, 341.5, -253.5):(0.0, -0.6, 0.0, 0.8)
(364.3, 341.5, -250.2):(0.0, -0.5, 0.0, 0.8)
(357.5, 341.5, -247.1):(0.0, -0.5, 0.0, 0.8)
(350.8, 341.5, -244.1):(0.0, -0.6, 0.0, 0.8)
(344.1, 341.5, -241.2):(0.0, -0.5, 0.0, 0.8)
(341.1, 341.5, -239.9):(0.0, -0.8, 0.0, 0.7)
(338.5, 341.5, -241.3):(0.0, -0.9, 0.0, 0.4)
(335.2, 341.5, -247.7):(0.0, -1.0, 0.0, 0.2)
(331.9, 341.5, -254.4):(0.0, -1.0, 0.0, 0.2)
(328.9, 341.5, -261.0):(0.0, -1.0, 0.0, 0.2)
(325.3, 341.5, -267.6):(0.0, -1.0, 0.0, 0.2)
(322.0, 341.5, -274.1):(0.0, -1.0, 0.0, 0.2)
(318.9, 341.5, -280.8):(0.0, -1.0, 0.0, 0.2)
(316.0, 341.5, -287.4):(0.0, -1.0, 0.0, 0.2)
(313.0, 341.5, -294.1):(0.0, -1.0, 0.0, 0.2)
(310.0, 341.5, -300.8):(0.0, -1.0, 0.0, 0.2)
(306.7, 341.5, -307.4):(0.0, -1.0, 0.0, 0.2)
(303.5, 341.5, -313.9):(0.0, -1.0, 0.0, 0.2)
(300.2, 341.5, -320.5):(0.0, -1.0, 0.0, 0.2)
(297.0, 341.5, -327.1):(0.0, -1.0, 0.0, 0.2)
(293.9, 341.5, -333.7):(0.0, -1.0, 0.0, 0.2)
(291.1, 341.5, -340.4):(0.0, -1.0, 0.0, 0.2)
(287.7, 341.5, -347.0):(0.0, -1.0, 0.0, 0.3)
(282.7, 341.5, -350.6):(0.0, -0.9, 0.0, 0.5)
(279.3, 341.5, -354.6):(0.0, -1.0, 0.0, 0.1)
(280.6, 341.5, -358.0):(0.0, -1.0, 0.0, -0.3)
(286.5, 341.5, -361.8):(0.0, -0.8, 0.0, -0.6)
(293.1, 341.5, -364.9):(0.0, -0.8, 0.0, -0.5)
(300.0, 341.5, -367.2):(0.0, -0.8, 0.0, -0.6)
(307.1, 341.5, -369.0):(0.0, -0.8, 0.0, -0.6)
(313.9, 341.5, -371.4):(0.0, -0.8, 0.0, -0.6)
(320.5, 341.5, -374.4):(0.0, -0.9, 0.0, -0.5)
(327.0, 341.5, -377.7):(0.0, -0.9, 0.0, -0.5)
(333.4, 341.5, -381.3):(0.0, -0.8, 0.0, -0.5)
(339.8, 341.5, -384.8):(0.0, -0.9, 0.0, -0.5)
(346.1, 341.5, -388.4):(0.0, -0.9, 0.0, -0.5)
(352.4, 341.5, -391.9):(0.0, -0.9, 0.0, -0.5)
(358.8, 341.5, -395.5):(0.0, -0.9, 0.0, -0.5)
(365.3, 341.5, -399.0):(0.0, -0.8, 0.0, -0.5)
(371.8, 341.5, -402.4):(0.0, -0.8, 0.0, -0.5)
(378.5, 341.5, -405.4):(0.0, -0.8, 0.0, -0.5)
(385.2, 341.5, -408.3):(0.0, -0.8, 0.0, -0.6)
(392.1, 341.5, -410.4):(0.0, -0.8, 0.0, -0.6)
(399.3, 341.5, -411.6):(0.0, -0.7, 0.0, -0.7)
(406.5, 341.5, -412.3):(0.0, -0.7, 0.0, -0.7)
(413.7, 341.5, -410.9):(0.0, -0.6, 0.0, -0.8)
(420.3, 341.5, -407.9):(0.0, -0.5, 0.0, -0.9)
(426.3, 341.5, -403.9):(0.0, -0.5, 0.0, -0.9)
(431.7, 341.5, -399.0):(0.0, -0.4, 0.0, -0.9)
(436.3, 341.5, -393.3):(0.0, -0.3, 0.0, -1.0)
(440.3, 341.5, -387.1):(0.0, -0.3, 0.0, -1.0)
(444.2, 341.5, -381.0):(0.0, -0.3, 0.0, -1.0)
(448.1, 341.5, -374.8):(0.0, -0.3, 0.0, -1.0)
(452.1, 341.5, -368.6):(0.0, -0.3, 0.0, -1.0)
(455.7, 341.5, -362.2):(0.0, -0.2, 0.0, -1.0)
(459.3, 341.5, -355.8):(0.0, -0.3, 0.0, -1.0)
(463.2, 341.5, -349.6):(0.0, -0.3, 0.0, -1.0)
(467.0, 341.5, -343.4):(0.0, -0.3, 0.0, -1.0)
(470.9, 341.5, -337.2):(0.0, -0.3, 0.0, -1.0)
(474.8, 341.5, -331.0):(0.0, -0.3, 0.0, -1.0)
(478.7, 341.5, -324.8):(0.0, -0.3, 0.0, -1.0)
(482.7, 341.5, -318.6):(0.0, -0.3, 0.0, -1.0)
(486.6, 341.5, -312.4):(0.0, -0.3, 0.0, -1.0)
(490.5, 341.5, -306.2):(0.0, -0.3, 0.0, -1.0)
(494.4, 341.5, -300.0):(0.0, -0.3, 0.0, -1.0)
(498.3, 341.5, -293.9):(0.0, -0.3, 0.0, -1.0)
(502.2, 341.5, -287.7):(0.0, -0.3, 0.0, -1.0)
(506.0, 341.5, -281.4):(0.0, -0.3, 0.0, -1.0)
(509.4, 341.5, -275.1):(0.0, -0.3, 0.0, -1.0)
(513.0, 341.5, -268.8):(0.0, -0.3, 0.0, -1.0)
(516.2, 341.5, -262.2):(0.0, -0.2, 0.0, -1.0)
(519.5, 341.5, -255.7):(0.0, -0.2, 0.0, -1.0)
(522.9, 341.5, -249.3):(0.0, -0.2, 0.0, -1.0)
(526.1, 341.5, -242.7):(0.0, -0.2, 0.0, -1.0)
(528.8, 341.5, -236.0):(0.0, -0.2, 0.0, -1.0)
(531.5, 341.5, -229.2):(0.0, -0.2, 0.0, -1.0)
(534.1, 341.5, -222.5):(0.0, -0.2, 0.0, -1.0)
(536.4, 341.5, -215.5):(0.0, -0.1, 0.0, -1.0)
(537.8, 341.5, -208.4):(0.0, -0.1, 0.0, -1.0)
(538.3, 341.5, -201.1):(0.0, 0.0, 0.0, -1.0)
(537.8, 341.5, -193.9):(0.0, 0.1, 0.0, -1.0)
(535.9, 341.5, -186.8):(0.0, 0.2, 0.0, -1.0)
